g = 0.1*s+1.0;
