g = 0*s+1.0;
