g = 1.0/(1.0*s+1.0);
